image: lab_mod.pgm
resolution: 0.050000
origin: [-52.2060769488, -50.0743706729
, 0.000000]
negate: 0
occupied_thresh: 0.65
free_thresh: 0.196

